13

1 2 10 I
3 1 11 C
1 2 19 R
1 2 21 C
1 1 25 C

99 1  5  R
99 1  10  R
99 1  20  E
99 1  20  E
99 1 25  I
99 1 29  I
99 2 34  I
99 3  44 I
99   3 58 I
99 1 90 C
99 1 120 I
99 1  122 C
99 2  150 C
1 5 17 C
1 1 23 I
1 1 35 C
1 2 37 R
1 3 49 R
1 3 57 E
19 1  5  R
19 1  10  R
19 1  20  E
19 1  20  E
19 1 25  I
19 1 29  I
19 2 34  I
19 3  44 I
19   3 58 I
19 1 90 C
19 1 120 I
19 1  122 C
19 2  150 C

38 1 0 C
48 1 1 R
83 1 2 E
89 9 3 R
7 5 4 R
68 1 5 U
61 1 6 U
27 1 7 R
21 7 8 R
55 2 9 I
54 1 10 U
69 1 11 C
59 2 12 I
43 3 13 I
7 9 14 R
84 6 15 R
52 8 16 C
32 7 17 C
87 7 18 U
44 1 19 I
87 6 20 I
21 6 21 U
6 4 22 E
44 8 23 I
72 5 24 R
35 1 25 E
57 4 26 E
24 5 27 C
30 3 28 I
85 9 29 I
72 5 30 U
30 7 31 U
8 5 32 R
88 1 33 I
61 2 34 C
35 6 35 R
77 4 36 C
46 8 37 I
21 9 38 E
74 3 39 R
7 4 40 U
25 4 41 R
48 1 42 I
87 1 43 C
84 3 44 U
96 9 45 U
60 5 46 R
75 2 47 I
29 4 48 E
3 7 49 I

1 2 10 I
3 1 10 I
1 2 11 C
3 1 11 C
1 4 20 I

1 2 10 I
3 1 11 C
1 2 19 R
1 2 21 C
1 1 25 C
1 3 20 I
1 4 40 I
8 4 50 I

1 2 10 I
3 1 11 C
1 2 19 R
1 2 21 C
1 1 25 C

1 1 5 C
1 2 10 C
1 3 15 C
100 1 0 I
100 1 5 C
100 3 50 C
38 1 0 C
48 1 1 R
83 1 2 E
89 9 3 R
7 5 4 R
68 1 5 U
61 1 6 U
27 1 7 R
21 7 8 R
55 2 9 I
54 1 10 U
69 1 11 C
59 2 12 I
43 3 13 I
7 9 14 R
84 6 15 R
52 8 16 C
32 7 17 C
87 7 18 U
44 1 19 I
87 6 20 I
21 6 21 U
6 4 22 E
44 8 23 I
72 5 24 R
35 1 25 E
57 4 26 E
24 5 27 C
30 3 28 I
85 9 29 I
72 5 30 U
30 7 31 U
8 5 32 R
88 1 33 I
61 2 34 C
35 6 35 R
77 4 36 C
46 8 37 I
21 9 38 E
74 3 39 R
7 4 40 U
25 4 41 R
48 1 42 I
87 1 43 C
84 3 44 U
96 9 45 U
60 5 46 R
75 2 47 I
29 4 48 E
3 7 49 I

3 1 11 C
3 1 17 I

1 2 10 I
3 1 10 I
1 2 11 C
3 1 11 C
1 4 20 I

1 3 140 I

6 8 17 I
1 5 24 C
6 5 26 I
4 8 83 C
6 5 106 C
5 6 118 R
1 4 121 C
7 2 131 I
3 6 153 I
10 7 158 U
4 7 234 I
9 9 294 I

1 1 12 I
2 3 61 C
1 2 105 E
2 1 134 R
2 1 160 C
1 2 171 R
1 2 210 E
2 3 223 I

2 1 1 C
1 2 2 C
